0.07 -0.975 0.007875 2.9221e-018
0.07 -0.975 0.00825 -1.27607e-018
0.07 -0.975 0.008625 3.96694e-018
0.07 -0.975 0.009 1.22437e-018
0.07 -0.975 0.009375 3.5408e-018
0.07 -0.975 0.00975 2.04042e-018
0.07 -0.975 0.010125 -2.64422e-018
0.07 -0.975 0.0105 1.24057e-018
0.07 -0.975 0.010875 4.79881e-019
0.07 -0.975 0.01125 2.42836e-018
0.07 -0.975 0.011625 6.56076e-018
0.07 -0.975 0.012 -6.80454e-018
0.07 -0.975 0.012375 3.61701e-018
0.07 -0.975 0.01275 -3.67646e-019
0.07 -0.975 0.013125 -2.77361e-018
0.07 -0.975 0.0135 -7.10637e-019
0.07 -0.975 0.013875 3.99184e-018
0.07 -0.975 0.01425 -6.09176e-019
0.07 -0.975 0.014625 -8.76293e-019
0.07 -0.95 0.007875 -2.77472e-018
0.07 -0.95 0.00825 -2.49831e-018
0.07 -0.95 0.008625 -8.63086e-019
0.07 -0.95 0.009 -1.42727e-018
0.07 -0.95 0.009375 -1.34269e-018
0.07 -0.95 0.00975 3.89891e-018
0.07 -0.95 0.010125 8.87928e-020
0.07 -0.95 0.0105 5.17974e-019
0.07 -0.95 0.010875 -3.71954e-018
0.07 -0.95 0.01125 -1.28561e-018
0.07 -0.95 0.011625 -8.20124e-019
0.07 -0.95 0.012 8.89324e-019
0.07 -0.95 0.012375 1.72499e-018
0.07 -0.95 0.01275 9.90798e-019
0.07 -0.95 0.013125 2.86197e-018
0.07 -0.95 0.0135 -1.09098e-018
0.07 -0.95 0.013875 -3.40536e-018
0.07 -0.95 0.01425 -4.85282e-020
0.07 -0.95 0.014625 3.3408e-019
0.07 -0.925 0.007875 5.71358e-019
0.07 -0.925 0.00825 -3.79122e-018
0.07 -0.925 0.008625 -4.12299e-018
0.07 -0.925 0.009 4.34621e-018
0.07 -0.925 0.009375 -4.08765e-018
0.07 -0.925 0.00975 -7.58786e-019
0.07 -0.925 0.010125 -7.52707e-019
0.07 -0.925 0.0105 -1.84051e-018
0.07 -0.925 0.010875 -2.56561e-018
0.07 -0.925 0.01125 -6.96485e-019
0.07 -0.925 0.011625 -7.56173e-019
0.07 -0.925 0.012 -6.59667e-018
0.07 -0.925 0.012375 -3.61571e-019
0.07 -0.925 0.01275 -3.62745e-018
0.07 -0.925 0.013125 3.35156e-018
0.07 -0.925 0.0135 -1.92395e-018
0.07 -0.925 0.013875 -5.61197e-019
0.07 -0.925 0.01425 1.64938e-018
0.07 -0.925 0.014625 -2.41248e-018
0.07 -0.9 0.007875 -2.23985e-018
0.07 -0.9 0.00825 1.54928e-018
0.07 -0.9 0.008625 2.07918e-018
0.07 -0.9 0.009 2.43668e-018
0.07 -0.9 0.009375 2.31467e-018
0.07 -0.9 0.00975 8.87277e-019
0.07 -0.9 0.010125 -3.42685e-018
0.07 -0.9 0.0105 8.36987e-019
0.07 -0.9 0.010875 2.22475e-018
0.07 -0.9 0.01125 3.43193e-018
0.07 -0.9 0.011625 2.64357e-018
0.07 -0.9 0.012 1.06912e-018
0.07 -0.9 0.012375 3.06228e-018
0.07 -0.9 0.01275 5.80754e-018
0.07 -0.9 0.013125 -1.16033e-018
0.07 -0.9 0.0135 1.59316e-018
0.07 -0.9 0.013875 -4.67798e-018
0.07 -0.9 0.01425 -4.3526e-018
0.07 -0.9 0.014625 -4.63937e-019
0.07 -0.875 0.007875 6.99391e-018
0.07 -0.875 0.00825 2.03991e-018
0.07 -0.875 0.008625 -5.31293e-020
0.07 -0.875 0.009 -2.28647e-018
0.07 -0.875 0.009375 4.55238e-018
0.07 -0.875 0.00975 1.06855e-018
0.07 -0.875 0.010125 8.33917e-018
0.07 -0.875 0.0105 4.31709e-018
0.07 -0.875 0.010875 2.04996e-018
0.07 -0.875 0.01125 -1.8486e-018
0.07 -0.875 0.011625 -3.01371e-018
0.07 -0.875 0.012 -1.08769e-018
0.07 -0.875 0.012375 2.60037e-018
0.07 -0.875 0.01275 -7.96638e-019
0.07 -0.875 0.013125 1.14706e-018
0.07 -0.875 0.0135 -1.46478e-018
0.07 -0.875 0.013875 4.94067e-018
0.07 -0.875 0.01425 -3.84829e-018
0.07 -0.875 0.014625 -2.09688e-018
0.07 -0.85 0.007875 1.06027e-018
0.07 -0.85 0.00825 8.54314e-019
0.07 -0.85 0.008625 4.11082e-018
0.07 -0.85 0.009 -1.37064e-018
0.07 -0.85 0.009375 -1.14218e-017
0.07 -0.85 0.00975 -1.36747e-018
0.07 -0.85 0.010125 -2.04828e-018
0.07 -0.85 0.0105 -3.83287e-018
0.07 -0.85 0.010875 1.71749e-018
0.07 -0.85 0.01125 2.73356e-018
0.07 -0.85 0.011625 -2.79861e-018
0.07 -0.85 0.012 8.77279e-019
0.07 -0.85 0.012375 -2.96516e-018
0.07 -0.85 0.01275 -1.28686e-018
0.07 -0.85 0.013125 7.42845e-019
0.07 -0.85 0.0135 -3.57265e-018
0.07 -0.85 0.013875 6.96879e-018
0.07 -0.85 0.01425 -9.96856e-020
0.07 -0.85 0.014625 -7.9613e-019
0.07 -0.825 0.007875 3.0217e-018
0.07 -0.825 0.00825 4.77476e-018
0.07 -0.825 0.008625 -2.80703e-018
0.07 -0.825 0.009 -5.29597e-018
0.07 -0.825 0.009375 3.29739e-018
0.07 -0.825 0.00975 -3.103e-018
0.07 -0.825 0.010125 -3.84892e-021
0.07 -0.825 0.0105 -2.88717e-018
0.07 -0.825 0.010875 7.35333e-019
0.07 -0.825 0.01125 9.75677e-019
0.07 -0.825 0.011625 -4.03428e-018
0.07 -0.825 0.012 2.25788e-019
0.07 -0.825 0.012375 3.5529e-018
0.07 -0.825 0.01275 4.82267e-018
0.07 -0.825 0.013125 8.67056e-018
0.07 -0.825 0.0135 2.68564e-018
0.07 -0.825 0.013875 2.25506e-018
0.07 -0.825 0.01425 2.8307e-018
0.07 -0.825 0.014625 -2.45994e-018
0.07 -0.8 0.007875 1.78706e-018
0.07 -0.8 0.00825 2.74101e-018
0.07 -0.8 0.008625 -6.6688e-018
0.07 -0.8 0.009 1.19855e-018
0.07 -0.8 0.009375 8.01635e-019
0.07 -0.8 0.00975 -2.42764e-018
0.07 -0.8 0.010125 3.09515e-018
0.07 -0.8 0.0105 -1.203e-018
0.07 -0.8 0.010875 -2.35329e-018
0.07 -0.8 0.01125 -1.60263e-018
0.07 -0.8 0.011625 -3.29492e-018
0.07 -0.8 0.012 -5.88095e-019
0.07 -0.8 0.012375 3.1284e-018
0.07 -0.8 0.01275 2.34589e-018
0.07 -0.8 0.013125 -2.58693e-018
0.07 -0.8 0.0135 -2.38781e-018
0.07 -0.8 0.013875 3.94102e-018
0.07 -0.8 0.01425 1.78216e-018
0.07 -0.8 0.014625 4.96194e-018
0.07 -0.775 0.007875 1.86586e-018
0.07 -0.775 0.00825 -8.79166e-019
0.07 -0.775 0.008625 8.86049e-018
0.07 -0.775 0.009 -8.57105e-018
0.07 -0.775 0.009375 2.26614e-018
0.07 -0.775 0.00975 2.99152e-018
0.07 -0.775 0.010125 3.18983e-018
0.07 -0.775 0.0105 5.90622e-018
0.07 -0.775 0.010875 5.52009e-018
0.07 -0.775 0.01125 1.31615e-019
0.07 -0.775 0.011625 -8.145e-019
0.07 -0.775 0.012 -1.82563e-018
0.07 -0.775 0.012375 -1.36929e-018
0.07 -0.775 0.01275 4.27247e-019
0.07 -0.775 0.013125 -1.42488e-019
0.07 -0.775 0.0135 -6.14404e-020
0.07 -0.775 0.013875 -2.14952e-018
0.07 -0.775 0.01425 1.16827e-018
0.07 -0.775 0.014625 -2.78577e-018
0.07 -0.75 0.007875 7.57666e-018
0.07 -0.75 0.00825 -3.56764e-018
0.07 -0.75 0.008625 -5.21464e-019
0.07 -0.75 0.009 -6.59849e-018
0.07 -0.75 0.009375 -2.73792e-019
0.07 -0.75 0.00975 -8.68834e-018
0.07 -0.75 0.010125 -1.8657e-018
0.07 -0.75 0.0105 -5.88376e-019
0.07 -0.75 0.010875 1.28673e-018
0.07 -0.75 0.01125 -4.48304e-019
0.07 -0.75 0.011625 1.25398e-018
0.07 -0.75 0.012 -2.15912e-018
0.07 -0.75 0.012375 4.63928e-018
0.07 -0.75 0.01275 -7.15136e-019
0.07 -0.75 0.013125 1.71487e-018
0.07 -0.75 0.0135 -5.13192e-018
0.07 -0.75 0.013875 2.24538e-018
0.07 -0.75 0.01425 -3.69924e-018
0.07 -0.75 0.014625 1.61715e-018
0.07 -0.725 0.007875 2.09584e-018
0.07 -0.725 0.00825 6.82255e-019
0.07 -0.725 0.008625 1.84607e-018
0.07 -0.725 0.009 -1.58166e-018
0.07 -0.725 0.009375 6.21176e-018
0.07 -0.725 0.00975 -3.25806e-019
0.07 -0.725 0.010125 -3.8344e-018
0.07 -0.725 0.0105 1.75528e-018
0.07 -0.725 0.010875 7.50347e-018
0.07 -0.725 0.01125 1.63671e-018
0.07 -0.725 0.011625 9.66526e-019
0.07 -0.725 0.012 -1.02425e-018
0.07 -0.725 0.012375 -3.80656e-018
0.07 -0.725 0.01275 2.34835e-019
0.07 -0.725 0.013125 -2.69169e-018
0.07 -0.725 0.0135 -8.19962e-019
0.07 -0.725 0.013875 -5.21579e-019
0.07 -0.725 0.01425 1.26376e-018
0.07 -0.725 0.014625 3.7734e-019
0.07 -0.7 0.007875 -5.17307e-018
0.07 -0.7 0.00825 3.41629e-018
0.07 -0.7 0.008625 -5.31359e-018
0.07 -0.7 0.009 -3.42519e-018
0.07 -0.7 0.009375 -4.2962e-018
0.07 -0.7 0.00975 5.09104e-018
0.07 -0.7 0.010125 5.10063e-018
0.07 -0.7 0.0105 1.18473e-018
0.07 -0.7 0.010875 -6.20339e-018
0.07 -0.7 0.01125 -1.77923e-018
0.07 -0.7 0.011625 2.8315e-018
0.07 -0.7 0.012 -4.25563e-018
0.07 -0.7 0.012375 -2.96659e-018
0.07 -0.7 0.01275 4.01094e-018
0.07 -0.7 0.013125 -3.50047e-018
0.07 -0.7 0.0135 -2.7802e-018
0.07 -0.7 0.013875 2.47007e-018
0.07 -0.7 0.01425 -3.85187e-018
0.07 -0.7 0.014625 -3.75819e-018
0.07 -0.675 0.007875 -6.69327e-018
0.07 -0.675 0.00825 5.00929e-018
0.07 -0.675 0.008625 -2.59374e-018
0.07 -0.675 0.009 4.74991e-018
0.07 -0.675 0.009375 2.60687e-018
0.07 -0.675 0.00975 -6.50127e-018
0.07 -0.675 0.010125 7.72754e-018
0.07 -0.675 0.0105 1.66655e-018
0.07 -0.675 0.010875 2.46577e-018
0.07 -0.675 0.01125 -1.75068e-019
0.07 -0.675 0.011625 -3.45362e-018
0.07 -0.675 0.012 2.41559e-018
0.07 -0.675 0.012375 -1.23575e-018
0.07 -0.675 0.01275 -5.96335e-019
0.07 -0.675 0.013125 2.85952e-018
0.07 -0.675 0.0135 -4.24956e-019
0.07 -0.675 0.013875 1.3471e-018
0.07 -0.675 0.01425 2.77909e-018
0.07 -0.675 0.014625 4.15114e-020
0.07 -0.65 0.007875 -5.85258e-018
0.07 -0.65 0.00825 5.22132e-018
0.07 -0.65 0.008625 2.72067e-020
0.07 -0.65 0.009 -4.47134e-018
0.07 -0.65 0.009375 1.75528e-018
0.07 -0.65 0.00975 -1.14731e-018
0.07 -0.65 0.010125 4.72136e-018
0.07 -0.65 0.0105 -2.8858e-018
0.07 -0.65 0.010875 3.82469e-018
0.07 -0.65 0.01125 -1.80351e-018
0.07 -0.65 0.011625 1.03343e-018
0.07 -0.65 0.012 -1.13464e-018
0.07 -0.65 0.012375 -3.68822e-018
0.07 -0.65 0.01275 1.61596e-018
0.07 -0.65 0.013125 4.84119e-018
0.07 -0.65 0.0135 1.88404e-018
0.07 -0.65 0.013875 -1.35803e-018
0.07 -0.65 0.01425 -3.25615e-018
0.07 -0.65 0.014625 -1.84216e-019
0.07 -0.625 0.007875 -1.75462e-018
0.07 -0.625 0.00825 2.5241e-018
0.07 -0.625 0.008625 -7.15622e-018
0.07 -0.625 0.009 -4.1362e-018
0.07 -0.625 0.009375 5.97017e-018
0.07 -0.625 0.00975 -3.88363e-018
0.07 -0.625 0.010125 -1.22758e-018
0.07 -0.625 0.0105 -2.57544e-018
0.07 -0.625 0.010875 5.61342e-019
0.07 -0.625 0.01125 -3.74493e-018
0.07 -0.625 0.011625 -4.15075e-018
0.07 -0.625 0.012 -3.61687e-018
0.07 -0.625 0.012375 -1.26981e-018
0.07 -0.625 0.01275 3.49981e-018
0.07 -0.625 0.013125 -1.38568e-019
0.07 -0.625 0.0135 -1.27277e-018
0.07 -0.625 0.013875 -2.63217e-018
0.07 -0.625 0.01425 4.4044e-019
0.07 -0.625 0.014625 8.56408e-019
0.07 -0.6 0.007875 9.15295e-018
0.07 -0.6 0.00825 -8.53084e-019
0.07 -0.6 0.008625 3.40914e-018
0.07 -0.6 0.009 -4.1449e-018
0.07 -0.6 0.009375 2.41303e-018
0.07 -0.6 0.00975 3.88054e-018
0.07 -0.6 0.010125 -1.27881e-017
0.07 -0.6 0.0105 -2.54407e-018
0.07 -0.6 0.010875 -4.23369e-018
0.07 -0.6 0.01125 8.80012e-018
0.07 -0.6 0.011625 -5.02353e-018
0.07 -0.6 0.012 1.20964e-018
0.07 -0.6 0.012375 3.7333e-018
0.07 -0.6 0.01275 -3.28742e-018
0.07 -0.6 0.013125 2.00182e-018
0.07 -0.6 0.0135 1.12876e-018
0.07 -0.6 0.013875 3.52054e-019
0.07 -0.6 0.01425 3.81723e-018
0.07 -0.6 0.014625 -6.01668e-019
0.07 -0.575 0.007875 -7.48295e-018
0.07 -0.575 0.00825 -9.08907e-019
0.07 -0.575 0.008625 9.66875e-018
0.07 -0.575 0.009 -1.19375e-017
0.07 -0.575 0.009375 4.3282e-018
0.07 -0.575 0.00975 7.86028e-018
0.07 -0.575 0.010125 2.90017e-018
0.07 -0.575 0.0105 1.17305e-018
0.07 -0.575 0.010875 -7.38541e-018
0.07 -0.575 0.01125 -4.57195e-020
0.07 -0.575 0.011625 4.65926e-018
0.07 -0.575 0.012 -7.05197e-018
0.07 -0.575 0.012375 4.43148e-018
0.07 -0.575 0.01275 -9.19896e-018
0.07 -0.575 0.013125 1.25415e-019
0.07 -0.575 0.0135 1.32866e-019
0.07 -0.575 0.013875 3.07706e-018
0.07 -0.575 0.01425 3.27124e-018
0.07 -0.575 0.014625 -2.18652e-018
0.07 -0.55 0.007875 2.35499e-013
0.07 -0.55 0.00825 5.28557e-018
0.07 -0.55 0.008625 -1.66367e-018
0.07 -0.55 0.009 -2.19104e-019
0.07 -0.55 0.009375 8.37334e-018
0.07 -0.55 0.00975 -6.4019e-018
0.07 -0.55 0.010125 6.3085e-018
0.07 -0.55 0.0105 3.83204e-019
0.07 -0.55 0.010875 -6.92476e-018
0.07 -0.55 0.01125 -2.10198e-018
0.07 -0.55 0.011625 1.72938e-018
0.07 -0.55 0.012 -2.31976e-018
0.07 -0.55 0.012375 -3.99091e-018
0.07 -0.55 0.01275 -3.66576e-018
0.07 -0.55 0.013125 4.0235e-018
0.07 -0.55 0.0135 1.53376e-018
0.07 -0.55 0.013875 -6.83672e-018
0.07 -0.55 0.01425 -2.01841e-019
0.07 -0.55 0.014625 1.38874e-018
0.07 -0.525 0.007875 1.55763e-018
0.07 -0.525 0.00825 5.94982e-018
0.07 -0.525 0.008625 -4.58599e-018
0.07 -0.525 0.009 -6.84245e-018
0.07 -0.525 0.009375 1.83745e-019
0.07 -0.525 0.00975 -5.13897e-018
0.07 -0.525 0.010125 2.2351e-018
0.07 -0.525 0.0105 6.78019e-018
0.07 -0.525 0.010875 -2.00503e-018
0.07 -0.525 0.01125 -1.35284e-018
0.07 -0.525 0.011625 -2.25239e-018
0.07 -0.525 0.012 -9.69303e-018
0.07 -0.525 0.012375 3.43831e-018
0.07 -0.525 0.01275 4.58336e-019
0.07 -0.525 0.013125 2.49924e-018
0.07 -0.525 0.0135 1.60715e-018
0.07 -0.525 0.013875 -5.10571e-018
0.07 -0.525 0.01425 1.30924e-018
0.07 -0.525 0.014625 1.57697e-018
